九九表の課題について、同じフォーマットで記述してみましょう。

```
# 九九表の出力

## 問題文
1から9までの掛け算の結果を9行9列の九九表として出力してください。

## 詳細
各行と列の位置 (i, j) には i × j の計算結果を出力します:
- 1行目: 1の段 (1×1 から 1×9)
- 2行目: 2の段 (2×1 から 2×9)
...
- 9行目: 9の段 (9×1 から 9×9)

各数値の間には半角スペースを入れ、各行の末尾には改行を入れてください。
数値が1桁の場合でも、半角スペース1つで区切ってください。

## 入力形式
入力はありません。

## 出力形式
```
1 2 3 4 5 6 7 8 9
2 4 6 8 10 12 14 16 18
3 6 9 12 15 18 21 24 27
4 8 12 16 20 24 28 32 36
5 10 15 20 25 30 35 40 45
6 12 18 24 30 36 42 48 54
7 14 21 28 35 42 49 56 63
8 16 24 32 40 48 56 64 72
9 18 27 36 45 54 63 72 81
```
- 9行9列の形式
- 各数値は半角スペースで区切る
- 各行の末尾は改行
- 数値は積の結果（1から81まで）
